t4070CUDA=1.056;
t1070CUDA=2.012;


t4070ACC=1.066;
t1070ACC=1.98;

t3600X1coreSerial=66.304353;

t3600X1coreOMP=66.1284;
t3600X2coreOMP=56.098;
t3600X3coreOMP=40.11;
t3600X6coreOMP=13.2935;

t3600X1coreMPI=
t3600X2coreMPI=59.4894;
t3600X3coreMPI=42.64589;
t3600X6coreMPI=27.089;