t4070CUDA=1.056;
t1070CUDA=2.012;
t1650CUDA=5.432;


t4070ACC=1.066;
t1070ACC=1.98;
t1070ACC=5.44;

t3600X1coreSerial=66.304353;
t10300h1coreSerial=82.4843;


t3600X1coreOMP=66.1284;
t3600X2coreOMP=56.098;
t3600X3coreOMP=40.11;
t3600X6coreOMP=13.2935;
t10300h4coreOMP=23.383692;

t3600X1coreMPI=69.865805;
t3600X2coreMPI=59.4894;
t3600X3coreMPI=42.64589;
t3600X6coreMPI=27.089;
t10300h4coreMPI=43.45;



